- !<Matter/7b820401-88d7-4dcc-8998-2f633cb96593>
  PackagePath: ""
  Friction: 0.130000
  RollingFriction: 0.020000
  SpinningFriction: 0.400000
  DynamicBounciness: 0.950000
  StaticBounciness: 1.000000
